{
  "robot": "ur5",
  "source": "pinocchio",
  "ee_frame": "ee_link",
  "gravity": [
    0.0,
    0.0,
    -9.81
  ],
  "n_joints": 6,
  "configurations": {
    "zero": {
      "q": [
        0.0,
        0.0,
        0.0,
        0.0,
        0.0,
        0.0
      ],
      "v": [
        0.0,
        0.0,
        0.0,
        0.0,
        0.0,
        0.0
      ],
      "a": [
        0.0,
        0.0,
        0.0,
        0.0,
        0.0,
        0.0
      ],
      "ee_pose": [
        [
          -4.896638650109253e-12,
          1.0,
          9.793277300218506e-12,
          0.817250000000927
        ],
        [
          1.0,
          4.896638650109253e-12,
          0.0,
          0.19145
        ],
        [
          -4.7954140139487533e-23,
          9.793277300218506e-12,
          -1.0,
          -0.005490999995998225
        ],
        [
          0.0,
          0.0,
          0.0,
          1.0
        ]
      ],
      "jacobian_body": [
        [
          0.8172500000018644,
          4.634668482524361e-13,
          4.634668482422458e-13,
          4.634668482328407e-13,
          -4.0299336090399157e-13,
          0.0
        ],
        [
          -0.19144999999599824,
          -0.09465000000400178,
          -0.09465000000192071,
          -0.09465,
          0.08230000000000001,
          0.0
        ],
        [
          -1.874922939126833e-12,
          0.81725,
          0.39225000000000004,
          -8.493206138295206e-18,
          -2.0194839173657902e-28,
          0.0
        ],
        [
          -4.7954140139487533e-23,
          1.0,
          1.0,
          1.0,
          0.0,
          1.0
        ],
        [
          9.793277300218506e-12,
          4.896638650109253e-12,
          4.896638650109253e-12,
          4.896638650109253e-12,
          0.0,
          4.896638650109253e-12
        ],
        [
          -1.0,
          0.0,
          0.0,
          0.0,
          1.0,
          0.0
        ]
      ],
      "jacobian_space": [
        [
          0.0,
          -0.089159,
          -0.08915900000208107,
          -0.08915900000400177,
          -0.10915,
          0.005490999995998225
        ],
        [
          0.0,
          0.0,
          0.0,
          0.0,
          0.8172500000008732,
          -0.0
        ],
        [
          0.0,
          0.0,
          0.425,
          0.81725,
          -1.0689362173188498e-12,
          0.817250000000927
        ],
        [
          0.0,
          0.0,
          0.0,
          0.0,
          9.793277300218506e-12,
          0.0
        ],
        [
          0.0,
          1.0,
          1.0,
          1.0,
          0.0,
          1.0
        ],
        [
          1.0,
          0.0,
          0.0,
          0.0,
          -1.0,
          0.0
        ]
      ],
      "mass_matrix": [
        [
          4.376613686277785,
          0.0019412038228719876,
          0.0019412038248722606,
          0.0019412038252500003,
          -0.253242,
          0.0
        ],
        [
          0.0019412038228719876,
          3.965889583210043,
          1.5162899529250051,
          0.24116530937522118,
          0.0,
          0.0171364731454
        ],
        [
          0.0019412038248722606,
          1.5162899529250051,
          0.8368172610499681,
          0.24116530937518418,
          0.0,
          0.0171364731454
        ],
        [
          0.0019412038252500003,
          0.24116530937522118,
          0.24116530937518418,
          0.24116530937515002,
          0.0,
          0.0171364731454
        ],
        [
          -0.253242,
          0.0,
          0.0,
          0.0,
          0.253242,
          0.0
        ],
        [
          0.0,
          0.0171364731454,
          0.0171364731454,
          0.0171364731454,
          0.0,
          0.0171364731454
        ]
      ],
      "gravity_forces": [
        0.0,
        -59.17079821275172,
        -15.68382848775171,
        -1.7086159557614946e-12,
        0.0,
        0.0
      ],
      "inverse_dynamics": [
        0.0,
        -59.17079821275172,
        -15.68382848775171,
        -1.7086159557614946e-12,
        0.0,
        0.0
      ],
      "coriolis_forces": [
        0.0,
        0.0,
        0.0,
        0.0,
        0.0,
        0.0
      ]
    },
    "shoulder_lift": {
      "q": [
        0.0,
        -1.5707963267948966,
        0.0,
        0.0,
        0.0,
        0.0
      ],
      "v": [
        0.0,
        0.0,
        0.0,
        0.0,
        0.0,
        0.0
      ],
      "a": [
        0.0,
        0.0,
        0.0,
        0.0,
        0.0,
        0.0
      ],
      "ee_pose": [
        [
          4.795384030684506e-23,
          -9.793216067878549e-12,
          1.0,
          0.09464999999599827
        ],
        [
          1.0,
          4.896638650109253e-12,
          0.0,
          0.19145
        ],
        [
          -4.896638650109253e-12,
          1.0,
          9.793216067878549e-12,
          0.906409000000927
        ],
        [
          0.0,
          0.0,
          0.0,
          1.0
        ]
      ],
      "jacobian_body": [
        [
          0.09464999999599827,
          4.634668482524361e-13,
          4.634668482422458e-13,
          4.634668482328407e-13,
          -4.0299336090399157e-13,
          0.0
        ],
        [
          2.338378064408594e-12,
          -0.09465000000400177,
          -0.0946500000019207,
          -0.09465,
          0.08230000000000001,
          0.0
        ],
        [
          -0.19145,
          0.81725,
          0.39225,
          -2.6975651614982364e-18,
          0.0,
          0.0
        ],
        [
          -4.896638650109253e-12,
          1.0,
          1.0,
          1.0,
          0.0,
          1.0
        ],
        [
          1.0,
          4.896638650109253e-12,
          4.896638650109253e-12,
          4.896638650109253e-12,
          0.0,
          4.896638650109253e-12
        ],
        [
          9.793216067878549e-12,
          0.0,
          0.0,
          0.0,
          1.0,
          0.0
        ]
      ],
      "jacobian_space": [
        [
          0.0,
          -0.089159,
          -0.514159,
          -0.906409,
          1.0689295338089435e-12,
          -0.906409000000927
        ],
        [
          0.0,
          0.0,
          0.0,
          0.0,
          0.906409,
          0.0
        ],
        [
          0.0,
          0.0,
          -2.081045402551951e-12,
          -4.0017278946719566e-12,
          -0.10915,
          0.09464999999599827
        ],
        [
          0.0,
          0.0,
          0.0,
          0.0,
          1.0,
          0.0
        ],
        [
          0.0,
          1.0,
          1.0,
          1.0,
          0.0,
          1.0
        ],
        [
          1.0,
          0.0,
          0.0,
          0.0,
          9.793216067878549e-12,
          0.0
        ]
      ],
      "mass_matrix": [
        [
          0.4395951218177577,
          -0.4856418279912691,
          -0.07714261911626902,
          -1.9010628492465605e-14,
          2.4800536234616995e-12,
          0.0
        ],
        [
          -0.4856418279912691,
          3.965889583210043,
          1.5162899529250051,
          0.24116530937522118,
          0.0,
          0.0171364731454
        ],
        [
          -0.07714261911626902,
          1.5162899529250051,
          0.8368172610499681,
          0.24116530937518418,
          0.0,
          0.0171364731454
        ],
        [
          -1.9010628492465605e-14,
          0.24116530937522118,
          0.24116530937518418,
          0.24116530937515002,
          0.0,
          0.0171364731454
        ],
        [
          2.4800536234616995e-12,
          0.0,
          0.0,
          0.0,
          0.253242,
          0.0
        ],
        [
          0.0,
          0.0171364731454,
          0.0171364731454,
          0.0171364731454,
          0.0,
          0.0171364731454
        ]
      ],
      "gravity_forces": [
        -1.401331267725803e-26,
        -0.17446825006026564,
        -0.17446825027320295,
        -0.17446825035000002,
        0.0,
        0.0
      ],
      "inverse_dynamics": [
        -1.401331267725803e-26,
        -0.17446825006026564,
        -0.17446825027320295,
        -0.17446825035000002,
        0.0,
        0.0
      ],
      "coriolis_forces": [
        0.0,
        0.0,
        0.0,
        0.0,
        0.0,
        0.0
      ]
    },
    "general": {
      "q": [
        0.1,
        0.2,
        0.3,
        0.4,
        0.5,
        0.6
      ],
      "v": [
        0.1,
        0.2,
        0.3,
        0.4,
        0.5,
        0.6
      ],
      "a": [
        1.0,
        1.5,
        2.0,
        0.5,
        0.3,
        0.1
      ],
      "ee_pose": [
        [
          0.20891479114916112,
          0.04739569803081327,
          -0.9767846527496603,
          0.6894848025123893
        ],
        [
          0.9029502293889857,
          -0.3929182518798679,
          0.17405783689925303,
          0.25146494571159844
        ],
        [
          -0.3755469255439067,
          -0.9183511829076286,
          -0.12488239093914999,
          -0.2730730285718525
        ],
        [
          0.0,
          0.0,
          0.0,
          1.0
        ]
      ],
      "jacobian_body": [
        [
          0.5700357139741077,
          0.15911743461935657,
          0.027854309657018725,
          -0.045377627228661246,
          -3.3258118481427346e-13,
          3.086045365191933e-17
        ],
        [
          -0.2828295199331857,
          0.6502072968781643,
          0.26835782414740394,
          -0.04627606756394206,
          0.06792512110706653,
          -9.590177370262648e-18
        ],
        [
          0.365637332975831,
          0.43457008702291144,
          0.30195797520667483,
          0.07946604252922962,
          -0.04647007556041142,
          -2.2280144836029006e-17
        ],
        [
          -0.3755469255439067,
          0.8775825618923104,
          0.8775825618923104,
          0.8775825618923104,
          -2.7648716649508742e-12,
          1.0
        ],
        [
          -0.9183511829076286,
          -0.3956869717030065,
          -0.3956869717030065,
          -0.3956869717030065,
          0.5646424733950353,
          4.896583138958022e-12
        ],
        [
          -0.12488239093914999,
          0.2707040219262242,
          0.2707040219262242,
          0.2707040219262242,
          0.8253356149096783,
          3.469446951953614e-17
        ]
      ],
      "jacobian_space": [
        [
          0.0,
          -0.08871357637202351,
          -0.004700931421067258,
          0.18241424605714096,
          -0.12905741384857553,
          0.1521344665431869
        ],
        [
          0.0,
          -0.008901047594814552,
          -0.0004716664126289743,
          0.018302473561857928,
          0.6066499408310743,
          0.20188490306325513
        ],
        [
          0.0,
          -4.0325746740561877e-19,
          0.41652829558294113,
          0.7607600554853607,
          0.08550013218517534,
          0.5700357139727228
        ],
        [
          0.0,
          -0.09983341664682815,
          -0.09983341664682815,
          -0.09983341664682815,
          -0.7794135378476524,
          0.2089147911493932
        ],
        [
          0.0,
          0.9950041652780258,
          0.9950041652780258,
          0.9950041652780258,
          -0.0782022017389051,
          0.9029502293870617
        ],
        [
          1.0,
          0.0,
          0.0,
          0.0,
          -0.6216099682783357,
          -0.3755469255484035
        ]
      ],
      "mass_matrix": [
        [
          3.8118139505731885,
          0.11878300414038104,
          0.037626739684833266,
          0.0006425979660177069,
          -0.14876563710063279,
          -0.00643554980449775
        ],
        [
          0.11878300414038104,
          3.891245169871776,
          1.4768625029103397,
          0.2348021019411395,
          0.0037279082812754173,
          0.015038670004705707
        ],
        [
          0.037626739684833266,
          1.4768625029103397,
          0.8326067743589043,
          0.23967142930229118,
          0.0037279082812754173,
          0.015038670004705707
        ],
        [
          0.0006425979660177069,
          0.2348021019411395,
          0.23967142930229118,
          0.2423880359204279,
          0.0037279082812754173,
          0.015038670004705707
        ],
        [
          -0.14876563710063279,
          0.0037279082812754173,
          0.0037279082812754173,
          0.0037279082812754173,
          0.24792230159434656,
          0.0
        ],
        [
          -0.00643554980449775,
          0.015038670004705707,
          0.015038670004705707,
          0.015038670004705707,
          0.0,
          0.0171364731454
        ]
      ],
      "gravity_forces": [
        -1.7001955027810826e-16,
        -56.247314308300695,
        -13.627188709191957,
        0.13666567537371754,
        0.0,
        0.0
      ],
      "inverse_dynamics": [
        4.047016265450635,
        -47.26219760508229,
        -9.580586994000637,
        1.0901975782198479,
        -0.040382911294549614,
        0.04890781445978398
      ],
      "coriolis_forces": [
        0.026726276424839563,
        -0.044282352005730274,
        0.006009718287170784,
        -0.0024729640812463094,
        0.019094402202677503,
        -0.006524963069081094
      ]
    }
  }
}